1.703679999999999951e-03 -2.297429999999999958e-02 -7.839199999999999294e-03
1.765590000000000041e-03 -2.397830000000000100e-02 -4.295689999999999578e-03
1.690720000000000157e-03 -2.415959999999999983e-02 -1.021839999999999988e-03
1.691709999999999915e-03 -2.411049999999999999e-02 3.014220000000000180e-03
1.667060000000000156e-03 -2.352939999999999893e-02 5.899090000000000063e-03
1.669589999999999876e-03 -2.264369999999999925e-02 8.727669999999999872e-03
1.641650000000000140e-03 -1.984669999999999837e-02 -1.403100000000000007e-02
1.632659999999999754e-03 -1.945420000000000135e-02 -9.151440000000000269e-03
1.649019999999999739e-03 -2.151250000000000037e-02 -1.120230000000000010e-02
2.432189999999999873e-03 -1.940280000000000130e-02 -3.978309999999999659e-03
1.583600000000000112e-03 -2.003819999999999907e-02 -6.379319999999999956e-03
1.817959999999999975e-03 -1.969539999999999833e-02 -7.464029999999999753e-04
1.585259999999999794e-03 -2.170980000000000132e-02 -2.704760000000000063e-03
1.769499999999999806e-03 -1.924100000000000116e-02 2.226010000000000055e-03
1.727840000000000018e-03 -2.198610000000000148e-02 1.108239999999999920e-03
1.747379999999999767e-03 -1.838549999999999907e-02 5.114879999999999600e-03
1.621220000000000040e-03 -2.135400000000000145e-02 4.017559999999999881e-03
1.732870000000000070e-03 -1.959649999999999934e-02 9.640019999999999145e-03
1.610990000000000078e-03 -2.051940000000000014e-02 6.842069999999999576e-03
1.749399999999999913e-03 -1.945629999999999929e-02 1.457759999999999959e-02
1.694900000000000052e-03 -2.106020000000000114e-02 1.206920000000000041e-02
1.789020000000000107e-03 -1.398089999999999923e-02 -1.849349999999999952e-02
1.781029999999999853e-03 -1.428420000000000037e-02 -1.429339999999999951e-02
1.705560000000000062e-03 -1.677479999999999943e-02 -1.731229999999999922e-02
1.710170000000000006e-03 -1.652520000000000031e-02 -9.738689999999999500e-03
1.621239999999999921e-03 -1.673049999999999884e-02 -1.299510000000000075e-02
2.061630000000000060e-03 -1.478969999999999937e-02 -4.705580000000000006e-03
1.659270000000000016e-03 -1.661170000000000008e-02 -6.806020000000000299e-03
1.793969999999999766e-03 -1.474420000000000071e-02 -1.246310000000000039e-03
1.638399999999999926e-03 -1.703649999999999956e-02 -3.098819999999999960e-03
1.805039999999999943e-03 -1.422930000000000028e-02 1.690590000000000061e-03
1.593310000000000125e-03 -1.712139999999999843e-02 3.578419999999999800e-04
1.785179999999999927e-03 -1.550490000000000028e-02 5.945889999999999682e-03
1.589469999999999945e-03 -1.648430000000000034e-02 3.109590000000000184e-03
1.811440000000000099e-03 -1.595929999999999918e-02 1.030700000000000019e-02
1.586429999999999785e-03 -1.734559999999999921e-02 7.883829999999999658e-03
1.814590000000000040e-03 -1.568920000000000037e-02 1.377279999999999997e-02
1.591809999999999926e-03 -1.809380000000000016e-02 1.219319999999999952e-02
2.098009999999999979e-03 -1.594399999999999984e-02 1.844269999999999937e-02
1.603770000000000022e-03 -1.685350000000000042e-02 1.601829999999999921e-02
1.663280000000000054e-03 -1.086059999999999977e-02 -2.170549999999999910e-02
1.641639999999999766e-03 -8.536169999999999175e-03 -1.721200000000000160e-02
1.766129999999999870e-03 -1.087270000000000077e-02 -1.885939999999999839e-02
1.645080000000000153e-03 -1.154870000000000028e-02 -1.323470000000000028e-02
1.729720000000000129e-03 -1.220369999999999962e-02 -1.621869999999999909e-02
1.815949999999999769e-03 -1.167639999999999997e-02 -9.835190000000000599e-03
1.664220000000000109e-03 -1.404749999999999922e-02 -1.134100000000000039e-02
1.797019999999999867e-03 -1.218430000000000034e-02 -5.975099999999999682e-03
1.653329999999999730e-03 -1.401089999999999974e-02 -8.184179999999999233e-03
1.797689999999999792e-03 -1.001250000000000057e-02 -1.907929999999999956e-03
1.645649999999999804e-03 -1.255080000000000084e-02 -3.061749999999999802e-03
1.778430000000000115e-03 -1.115709999999999966e-02 2.665059999999999912e-03
1.657819999999999953e-03 -1.216279999999999965e-02 -4.742039999999999748e-05
1.723549999999999909e-03 -1.130759999999999925e-02 6.759249999999999634e-03
1.653899999999999815e-03 -1.327210000000000022e-02 4.503230000000000427e-03
2.008729999999999804e-03 -1.154469999999999975e-02 1.051129999999999946e-02
1.692229999999999863e-03 -1.375679999999999958e-02 8.354840000000000530e-03
1.860329999999999883e-03 -1.207249999999999990e-02 1.400339999999999918e-02
1.522499999999999982e-03 -1.374859999999999971e-02 1.190470000000000070e-02
1.766509999999999782e-03 -1.143459999999999963e-02 1.794569999999999846e-02
1.720439999999999730e-03 -1.393929999999999995e-02 1.620119999999999894e-02
1.956949999999999835e-03 -1.140960000000000064e-02 2.150140000000000037e-02
1.588459999999999872e-03 -1.365079999999999939e-02 1.985869999999999996e-02
1.641279999999999736e-03 -4.614440000000000035e-03 -2.386090000000000086e-02
1.971440000000000085e-03 -4.741529999999999877e-03 -2.113699999999999954e-02
1.707370000000000155e-03 -8.116810000000000344e-03 -2.287859999999999894e-02
2.200349999999999789e-03 -5.812860000000000422e-03 -1.770829999999999974e-02
1.717240000000000086e-03 -7.657330000000000386e-03 -2.001529999999999976e-02
2.088500000000000079e-03 -6.354789999999999918e-03 -1.297479999999999987e-02
1.733119999999999886e-03 -8.863100000000000492e-03 -1.438369999999999926e-02
1.769999999999999872e-03 -6.885490000000000187e-03 -9.536760000000000029e-03
1.728229999999999870e-03 -8.938180000000000430e-03 -1.144369999999999936e-02
1.771599999999999911e-03 -7.293840000000000219e-03 -6.725319999999999909e-03
1.768109999999999821e-03 -9.936530000000000709e-03 -7.690749999999999670e-03
1.771140000000000041e-03 -7.201879999999999914e-03 -2.248669999999999922e-03
1.778300000000000020e-03 -9.540369999999999406e-03 -4.826839999999999777e-03
1.752019999999999966e-03 -6.869110000000000320e-03 2.874530000000000141e-03
1.715640000000000047e-03 -8.902250000000000441e-03 8.407970000000000070e-04
1.837559999999999801e-03 -7.099740000000000217e-03 7.174159999999999739e-03
1.725519999999999918e-03 -9.127049999999999400e-03 4.815780000000000408e-03
1.915409999999999769e-03 -7.182270000000000147e-03 1.110120000000000030e-02
1.666190000000000119e-03 -9.256830000000000613e-03 9.043960000000000193e-03
1.765599999999999982e-03 -7.229799999999999768e-03 1.424740000000000034e-02
1.709479999999999767e-03 -9.601600000000000065e-03 1.260660000000000079e-02
1.797439999999999975e-03 -7.596359999999999918e-03 1.713440000000000102e-02
1.594979999999999749e-03 -9.905779999999999447e-03 1.557569999999999961e-02
1.668719999999999839e-03 -6.451140000000000173e-03 2.076789999999999886e-02
1.763250000000000060e-03 -9.133709999999999746e-03 1.966570000000000124e-02
1.712700000000000160e-03 -5.987939999999999756e-03 2.352610000000000118e-02
1.700469999999999933e-03 -8.782619999999999663e-03 2.260969999999999994e-02
1.679019999999999818e-03 -1.672169999999999950e-03 -2.415310000000000026e-02
2.302219999999999787e-03 1.603830000000000099e-03 -1.994550000000000142e-02
1.711240000000000157e-03 -1.527029999999999967e-03 -2.112290000000000001e-02
1.917809999999999827e-03 -2.155540000000000060e-03 -1.612540000000000154e-02
1.612059999999999795e-03 -3.282220000000000189e-03 -1.875080000000000149e-02
1.821950000000000132e-03 -2.170909999999999854e-03 -1.277569999999999921e-02
1.576970000000000021e-03 -4.733420000000000336e-03 -1.518959999999999928e-02
1.897569999999999899e-03 -2.089539999999999974e-03 -9.831110000000000543e-03
1.629139999999999842e-03 -4.542710000000000151e-03 -1.114109999999999927e-02
1.809079999999999803e-03 -2.907970000000000173e-03 -5.510509999999999714e-03
1.727919999999999977e-03 -4.607120000000000139e-03 -7.792229999999999816e-03
1.791640000000000160e-03 -3.577030000000000140e-03 -2.451029999999999875e-03
1.739049999999999797e-03 -5.639449999999999845e-03 -4.559480000000000303e-03
1.795029999999999976e-03 -3.983360000000000026e-03 2.401840000000000138e-03
1.775880000000000080e-03 -5.452420000000000357e-03 -1.467460000000000075e-04
1.796059999999999931e-03 -2.898249999999999785e-03 7.074920000000000167e-03
1.727460000000000107e-03 -5.078049999999999752e-03 5.154249999999999977e-03
1.796620000000000075e-03 -2.468530000000000030e-03 1.083849999999999918e-02
1.780299999999999851e-03 -4.938269999999999813e-03 9.202600000000000016e-03
1.779729999999999767e-03 -2.105720000000000161e-03 1.394199999999999953e-02
1.790079999999999883e-03 -4.777840000000000212e-03 1.260449999999999939e-02
1.716650000000000120e-03 -2.282960000000000111e-03 1.688989999999999936e-02
1.696339999999999740e-03 -4.671530000000000127e-03 1.544829999999999988e-02
1.738139999999999998e-03 -2.270550000000000086e-03 1.984030000000000168e-02
1.726430000000000152e-03 -5.023040000000000317e-03 1.832800000000000054e-02
1.931759999999999814e-03 -7.367880000000000479e-04 2.427899999999999850e-02
1.707109999999999964e-03 -3.248029999999999841e-03 2.256740000000000135e-02
1.754050000000000054e-03 3.665009999999999796e-03 -2.397780000000000050e-02
1.629269999999999937e-03 4.049600000000000422e-03 -2.107240000000000155e-02
1.658869999999999789e-03 9.629280000000000478e-04 -2.272630000000000136e-02
1.720160000000000092e-03 3.188139999999999898e-03 -1.276709999999999998e-02
1.565140000000000021e-03 -4.062410000000000023e-04 -1.830939999999999998e-02
1.769649999999999782e-03 2.663809999999999963e-03 -9.151350000000000803e-03
1.721379999999999785e-03 4.940580000000000188e-04 -1.407070000000000022e-02
1.760309999999999740e-03 2.080830000000000093e-03 -6.160760000000000368e-03
1.734379999999999776e-03 5.295389999999999863e-04 -1.114260000000000077e-02
1.871410000000000001e-03 2.050450000000000102e-03 -2.984580000000000132e-03
1.729929999999999749e-03 -6.529500000000000148e-04 -7.324940000000000270e-03
1.837319999999999925e-03 1.475229999999999901e-03 -2.251719999999999915e-04
1.782750000000000046e-03 -8.371949999999999965e-04 -3.442370000000000152e-03
1.817159999999999956e-03 9.363559999999999505e-04 2.574309999999999793e-03
1.846909999999999785e-03 -1.724279999999999910e-03 -8.342869999999999626e-05
1.764519999999999891e-03 2.120579999999999948e-03 7.315730000000000323e-03
1.768950000000000036e-03 -1.565949999999999981e-03 4.137769999999999816e-03
1.811609999999999956e-03 2.638090000000000053e-03 1.024760000000000081e-02
1.742159999999999976e-03 -5.151469999999999791e-04 8.744220000000000464e-03
1.781800000000000050e-03 2.981600000000000049e-03 1.362870000000000054e-02
1.863810000000000033e-03 3.946590000000000037e-04 1.223750000000000011e-02
1.686780000000000137e-03 2.985999999999999939e-03 1.689939999999999845e-02
1.696669999999999949e-03 4.928299999999999825e-04 1.532670000000000039e-02
1.767400000000000134e-03 2.784099999999999856e-03 1.983319999999999875e-02
1.706319999999999885e-03 2.351710000000000020e-04 1.826950000000000102e-02
1.671619999999999964e-03 2.210900000000000018e-03 2.376510000000000081e-02
1.681049999999999905e-03 2.864249999999999826e-04 2.140070000000000167e-02
2.766310000000000123e-03 9.140920000000000295e-03 -2.253470000000000126e-02
1.697069999999999742e-03 4.847640000000000282e-03 -1.821849999999999858e-02
1.686070000000000017e-03 6.522400000000000246e-03 -2.253820000000000129e-02
1.840529999999999944e-03 6.577180000000000179e-03 -1.291619999999999921e-02
1.756240000000000058e-03 2.667259999999999857e-03 -1.621329999999999993e-02
1.793250000000000139e-03 7.730420000000000000e-03 -8.646010000000000847e-03
1.751969999999999830e-03 5.324709999999999860e-03 -1.040239999999999915e-02
1.775979999999999920e-03 7.457649999999999696e-03 -5.605480000000000358e-03
1.749499999999999753e-03 5.021430000000000338e-03 -7.380839999999999623e-03
1.763180000000000042e-03 6.942590000000000219e-03 -2.643099999999999790e-03
1.763079999999999769e-03 4.544310000000000190e-03 -4.426440000000000236e-03
1.746750000000000039e-03 6.741089999999999929e-03 3.112799999999999877e-04
1.777149999999999910e-03 4.285910000000000414e-03 -1.221040000000000059e-03
1.793579999999999914e-03 6.401249999999999822e-03 3.182030000000000188e-03
1.792879999999999734e-03 3.831090000000000103e-03 1.642039999999999993e-03
1.727449999999999732e-03 6.852450000000000381e-03 5.966899999999999808e-03
1.765570000000000160e-03 3.330229999999999996e-03 4.547200000000000374e-03
1.829410000000000064e-03 7.418880000000000093e-03 9.857700000000000490e-03
1.774379999999999881e-03 4.936779999999999988e-03 8.346789999999999765e-03
3.017959999999999653e-03 7.896409999999999541e-03 1.409389999999999948e-02
1.725319999999999805e-03 5.540999999999999918e-03 1.206839999999999996e-02
1.735229999999999932e-03 8.355019999999999461e-03 1.657159999999999883e-02
1.732749999999999915e-03 5.488459999999999693e-03 1.513040000000000045e-02
1.723649999999999748e-03 8.761680000000000856e-03 1.995519999999999933e-02
1.818680000000000036e-03 5.864109999999999635e-03 1.802650000000000086e-02
1.938430000000000101e-03 5.167539999999999981e-03 2.373919999999999850e-02
1.708289999999999895e-03 5.693280000000000216e-03 2.082960000000000020e-02
1.635919999999999909e-03 1.151340000000000002e-02 -2.132739999999999983e-02
1.724410000000000005e-03 9.316190000000000235e-03 -1.710679999999999840e-02
1.762090000000000010e-03 7.536079999999999689e-03 -1.955849999999999950e-02
1.743789999999999837e-03 9.178729999999999528e-03 -1.417339999999999919e-02
1.708459999999999753e-03 6.535509999999999584e-03 -1.583230000000000054e-02
1.733320000000000000e-03 1.136649999999999987e-02 -9.561240000000000364e-03
1.707469999999999995e-03 8.932119999999999990e-03 -1.124050000000000049e-02
3.909899999999999140e-03 9.927999999999999325e-03 -5.378769999999999732e-03
1.762559999999999821e-03 1.031920000000000059e-02 -6.915580000000000165e-03
3.926989999999999995e-03 1.024470000000000068e-02 -2.439970000000000073e-03
1.724869999999999876e-03 1.008779999999999920e-02 -3.938360000000000125e-03
3.933880000000000710e-03 1.014140000000000007e-02 5.189580000000000278e-04
1.733839999999999947e-03 9.444370000000000542e-03 -9.884189999999999296e-04
3.926650000000000279e-03 1.013709999999999958e-02 3.472869999999999863e-03
1.768060000000000118e-03 9.151589999999999378e-03 1.986190000000000091e-03
3.925470000000000348e-03 1.024650000000000040e-02 6.556329999999999970e-03
1.736580000000000155e-03 9.801439999999999805e-03 4.855940000000000430e-03
3.910979999999999665e-03 9.482449999999999907e-03 9.489980000000000290e-03
1.738889999999999880e-03 9.120839999999999850e-03 7.692619999999999840e-03
3.913210000000000299e-03 1.024880000000000062e-02 1.250060000000000060e-02
1.636260000000000058e-03 9.071209999999999690e-03 1.206370000000000012e-02
4.002800000000000802e-03 1.007730000000000084e-02 1.557210000000000018e-02
1.694900000000000052e-03 1.094449999999999937e-02 1.513869999999999973e-02
3.891130000000000023e-03 9.641339999999999980e-03 1.845499999999999918e-02
1.734439999999999853e-03 1.148929999999999917e-02 1.858080000000000148e-02
3.367889999999999686e-03 1.038829999999999962e-02 2.185099999999999890e-02
1.703609999999999933e-03 8.127060000000000187e-03 2.279909999999999923e-02
3.877350000000000328e-03 1.390850000000000072e-02 -1.986440000000000081e-02
3.983469999999999372e-03 1.242730000000000050e-02 -1.725190000000000057e-02
1.718509999999999916e-03 1.233929999999999923e-02 -1.852820000000000161e-02
3.954549999999999385e-03 1.272060000000000031e-02 -1.313109999999999972e-02
1.811759999999999933e-03 1.189980000000000031e-02 -1.543139999999999963e-02
3.789539999999999662e-03 1.319120000000000015e-02 -1.012670000000000063e-02
1.703999999999999786e-03 1.157809999999999916e-02 -1.248430000000000026e-02
3.900259999999999578e-03 1.216330000000000015e-02 -7.323239999999999958e-03
1.690940000000000151e-03 1.370910000000000011e-02 -7.756370000000000278e-03
3.946709999999999108e-03 1.263790000000000052e-02 -4.141910000000000383e-03
1.699399999999999782e-03 1.286359999999999934e-02 -4.979230000000000288e-03
3.927500000000000435e-03 1.285599999999999937e-02 -9.137280000000000445e-04
1.751480000000000137e-03 1.230850000000000000e-02 -2.059350000000000156e-03
3.891370000000000332e-03 1.272219999999999948e-02 2.026480000000000208e-03
1.726699999999999850e-03 1.180879999999999951e-02 8.316810000000000218e-04
3.950999999999999651e-03 1.270250000000000025e-02 4.993059999999999686e-03
1.703810000000000047e-03 1.274119999999999940e-02 3.887659999999999814e-03
3.942400000000000418e-03 1.296800000000000036e-02 7.954080000000000525e-03
1.733109999999999946e-03 1.200440000000000014e-02 6.879200000000000245e-03
3.900890000000000173e-03 1.275790000000000084e-02 1.092279999999999987e-02
1.785970000000000005e-03 1.106019999999999920e-02 9.912290000000000684e-03
3.891599999999999834e-03 1.269379999999999988e-02 1.413649999999999976e-02
1.720409999999999908e-03 1.228839999999999967e-02 1.257300000000000084e-02
3.883689999999999972e-03 1.262920000000000015e-02 1.708459999999999840e-02
1.678680000000000103e-03 1.428519999999999963e-02 1.649070000000000050e-02
3.908369999999999553e-03 1.264939999999999988e-02 2.005849999999999994e-02
1.747850000000000011e-03 1.434180000000000003e-02 1.949379999999999863e-02
4.000069999999999668e-03 1.678040000000000087e-02 -1.745439999999999839e-02
1.774039999999999732e-03 1.533119999999999969e-02 -1.858109999999999970e-02
4.001239999999999658e-03 1.469589999999999959e-02 -1.531640000000000085e-02
1.634609999999999883e-03 1.483950000000000026e-02 -1.566290000000000043e-02
3.948429999999999301e-03 1.563689999999999872e-02 -1.162050000000000062e-02
1.774659999999999953e-03 1.447080000000000068e-02 -1.274649999999999915e-02
3.927850000000000091e-03 1.514760000000000065e-02 -7.875079999999999580e-03
1.833070000000000012e-03 1.577949999999999839e-02 -9.783609999999999876e-03
3.922129999999999367e-03 1.553120000000000021e-02 -3.447560000000000121e-03
1.928989999999999785e-03 1.575270000000000142e-02 -5.560559999999999982e-03
3.948200000000000667e-03 1.573659999999999989e-02 -1.738649999999999896e-04
1.738899999999999821e-03 1.526029999999999921e-02 -2.083890000000000135e-03
3.978860000000000730e-03 1.544820000000000047e-02 3.057980000000000073e-03
1.761819999999999879e-03 1.473080000000000049e-02 8.525320000000000294e-04
3.971290000000000583e-03 1.544829999999999988e-02 6.017960000000000149e-03
1.686070000000000017e-03 1.572760000000000130e-02 3.664950000000000152e-03
3.960220000000000407e-03 1.543549999999999957e-02 9.654660000000000672e-03
1.691390000000000081e-03 1.498829999999999954e-02 6.652250000000000177e-03
4.006700000000000192e-03 1.536799999999999972e-02 1.263109999999999927e-02
1.716699999999999823e-03 1.387240000000000001e-02 9.373819999999999722e-03
3.962520000000000625e-03 1.522680000000000040e-02 1.553110000000000081e-02
1.677309999999999999e-03 1.514719999999999955e-02 1.195710000000000002e-02
3.868190000000000083e-03 1.579730000000000023e-02 1.837930000000000119e-02
1.802879999999999761e-03 1.654020000000000143e-02 1.447799999999999955e-02
3.501740000000000148e-03 1.802170000000000161e-02 1.625539999999999971e-02
4.013740000000000016e-03 1.740049999999999930e-02 -1.412380000000000059e-02
1.745099999999999863e-03 1.767410000000000161e-02 -1.657590000000000105e-02
3.951009999999999592e-03 1.848460000000000034e-02 -1.124580000000000024e-02
1.647950000000000022e-03 1.719249999999999945e-02 -1.368720000000000006e-02
4.004360000000000211e-03 1.804829999999999976e-02 -8.344139999999999890e-03
1.645259999999999952e-03 1.857960000000000167e-02 -1.053240000000000079e-02
3.910709999999999534e-03 1.817950000000000121e-02 -4.814129999999999798e-03
1.669770000000000108e-03 1.781409999999999938e-02 -7.611330000000000352e-03
3.903250000000000035e-03 1.878219999999999890e-02 -1.654800000000000108e-03
1.724789999999999917e-03 1.799999999999999864e-02 -3.217879999999999786e-03
3.966990000000000099e-03 1.807479999999999851e-02 1.642910000000000030e-03
1.769559999999999883e-03 1.756740000000000038e-02 -2.319180000000000113e-04
3.937460000000000265e-03 1.804760000000000045e-02 4.601980000000000307e-03
1.697950000000000154e-03 1.851639999999999883e-02 2.607669999999999867e-03
3.873440000000000129e-03 1.787510000000000140e-02 7.651490000000000374e-03
1.676190000000000145e-03 1.785609999999999975e-02 5.774719999999999680e-03
3.971129999999999799e-03 1.889779999999999932e-02 1.042009999999999985e-02
1.701859999999999918e-03 1.680890000000000162e-02 9.004619999999999638e-03
3.974169999999999092e-03 1.938120000000000120e-02 1.328149999999999990e-02
1.760180000000000078e-03 1.807229999999999948e-02 1.171829999999999920e-02
1.707289999999999763e-03 1.948570000000000163e-02 1.436559999999999920e-02
4.092399999999999510e-03 2.025640000000000079e-02 -1.345230000000000037e-02
1.664199999999999794e-03 2.012059999999999890e-02 -1.350480000000000083e-02
3.951110000000000733e-03 2.055140000000000092e-02 -6.860559999999999922e-03
1.782539999999999993e-03 2.065780000000000047e-02 -8.543129999999999474e-03
3.967409999999999340e-03 2.109859999999999861e-02 -4.013229999999999575e-03
1.707390000000000036e-03 1.990930000000000130e-02 -5.492649999999999963e-03
3.946450000000000652e-03 2.168799999999999895e-02 -1.115330000000000097e-03
1.688299999999999784e-03 2.109410000000000104e-02 -2.769349999999999850e-03
3.957139999999999616e-03 2.106529999999999861e-02 1.754160000000000051e-03
1.750739999999999762e-03 2.048439999999999983e-02 1.408570000000000102e-04
3.967309999999999934e-03 2.100760000000000127e-02 4.705110000000000195e-03
1.692829999999999769e-03 2.143329999999999888e-02 3.027290000000000189e-03
3.944180000000000255e-03 2.077949999999999936e-02 7.677350000000000320e-03
1.675639999999999942e-03 2.106569999999999970e-02 5.995959999999999832e-03
3.936810000000000656e-03 2.186139999999999958e-02 1.040400000000000005e-02
1.744719999999999951e-03 1.972039999999999904e-02 8.965680000000000177e-03
1.776429999999999849e-03 2.108919999999999892e-02 1.186079999999999947e-02
3.943290000000000337e-03 2.267260000000000109e-02 -8.852159999999999543e-03
2.763649999999999874e-03 2.150579999999999853e-02 -1.118109999999999937e-02
3.986099999999999366e-03 2.343100000000000044e-02 -5.880039999999999573e-03
1.699909999999999789e-03 2.313609999999999972e-02 -7.069680000000000061e-03
3.986639999999999628e-03 2.410510000000000083e-02 -2.736059999999999794e-03
1.727369999999999774e-03 2.385330000000000089e-02 -4.205809999999999930e-03
3.995159999999999337e-03 2.427589999999999956e-02 2.541479999999999933e-04
1.707149999999999727e-03 2.359259999999999829e-02 -1.153560000000000089e-03
3.986750000000000710e-03 2.390199999999999964e-02 3.219720000000000134e-03
1.693280000000000132e-03 2.414039999999999936e-02 1.784980000000000030e-03
3.880910000000000002e-03 2.336910000000000029e-02 6.509509999999999602e-03
1.748879999999999966e-03 2.377920000000000034e-02 4.753509999999999854e-03
1.853280000000000118e-03 2.266260000000000149e-02 8.527140000000000761e-03
3.992569999999999106e-03 -2.263319999999999915e-02 -8.922829999999999651e-03
3.985390000000000113e-03 -2.411320000000000130e-02 -3.078879999999999985e-03
4.036869999999999695e-03 -2.433959999999999943e-02 -1.397899999999999881e-04
4.055919999999999317e-03 -2.410340000000000052e-02 2.821199999999999836e-03
4.058380000000000321e-03 -2.357029999999999889e-02 5.837700000000000354e-03
4.040749999999999204e-03 -2.264549999999999896e-02 8.654359999999999831e-03
4.076059999999999406e-03 -1.977769999999999875e-02 -1.416000000000000071e-02
4.034950000000000689e-03 -1.981379999999999947e-02 -9.153309999999999572e-03
4.074410000000000531e-03 -2.136000000000000051e-02 -1.162039999999999948e-02
4.082070000000000143e-03 -2.023900000000000005e-02 -6.063230000000000182e-03
3.830040000000000267e-03 -2.299479999999999927e-02 -5.879090000000000010e-03
4.041980000000000572e-03 -1.862930000000000141e-02 -1.937780000000000058e-03
4.060809999999999767e-03 -2.133940000000000142e-02 -2.990930000000000151e-03
4.027700000000000377e-03 -1.898800000000000140e-02 1.294460000000000098e-03
3.964070000000000094e-03 -2.143729999999999941e-02 -1.095680000000000053e-04
4.016920000000000213e-03 -1.853339999999999849e-02 4.156710000000000092e-03
3.970180000000000237e-03 -2.127120000000000052e-02 3.250139999999999887e-03
4.063370000000000176e-03 -1.978030000000000066e-02 8.905440000000000578e-03
3.957229999999999082e-03 -2.069100000000000106e-02 6.160170000000000402e-03
4.101550000000000681e-03 -1.973379999999999926e-02 1.414170000000000010e-02
4.063749999999999654e-03 -2.149210000000000009e-02 1.133950000000000062e-02
3.975960000000000605e-03 -1.559999999999999928e-02 -1.877979999999999927e-02
4.012019999999999822e-03 -1.701050000000000131e-02 -1.388389999999999937e-02
3.992340000000000472e-03 -1.773939999999999892e-02 -1.664890000000000120e-02
4.089100000000000026e-03 -1.708729999999999971e-02 -1.018089999999999967e-02
2.809840000000000081e-03 -1.884939999999999879e-02 -1.172059999999999942e-02
3.959149999999999822e-03 -1.484760000000000073e-02 -6.707620000000000075e-03
3.861229999999999784e-03 -1.770319999999999880e-02 -7.329880000000000423e-03
3.965170000000000500e-03 -1.494260000000000033e-02 -2.603900000000000138e-03
3.961799999999999697e-03 -1.706169999999999909e-02 -4.531669999999999796e-03
4.058199999999999655e-03 -1.415300000000000065e-02 6.234969999999999835e-04
3.786149999999999845e-03 -1.662829999999999864e-02 -3.859310000000000019e-04
4.062180000000000304e-03 -1.572000000000000133e-02 5.023979999999999939e-03
3.899899999999999981e-03 -1.628819999999999921e-02 2.412259999999999838e-03
4.053849999999999468e-03 -1.662900000000000142e-02 9.539729999999999738e-03
3.878520000000000318e-03 -1.782159999999999994e-02 6.937089999999999923e-03
3.994420000000000262e-03 -1.613799999999999957e-02 1.245019999999999981e-02
3.870979999999999994e-03 -1.872079999999999925e-02 1.150059999999999971e-02
4.039549999999999391e-03 -1.539920000000000004e-02 1.697179999999999869e-02
3.794779999999999768e-03 -1.805990000000000026e-02 1.635429999999999870e-02
4.001360000000000680e-03 -1.023519999999999985e-02 -2.177460000000000159e-02
3.978370000000000170e-03 -1.219980000000000023e-02 -1.789570000000000050e-02
3.590240000000000185e-03 -1.288899999999999942e-02 -2.060680000000000150e-02
4.008509999999999851e-03 -1.261830000000000070e-02 -1.413799999999999953e-02
3.848519999999999806e-03 -1.482999999999999943e-02 -1.603119999999999892e-02
4.033929999999999808e-03 -1.224229999999999936e-02 -1.115949999999999928e-02
3.852599999999999861e-03 -1.486939999999999963e-02 -1.232789999999999928e-02
3.884009999999999806e-03 -1.207219999999999994e-02 -7.762879999999999781e-03
3.828249999999999622e-03 -1.445139999999999966e-02 -9.466449999999999518e-03
3.975909999999999167e-03 -1.004369999999999916e-02 -3.149789999999999968e-03
3.953639999999999585e-03 -1.265639999999999994e-02 -4.442399999999999995e-03
3.986619999999999747e-03 -1.135380000000000070e-02 1.261919999999999925e-03
3.869159999999999527e-03 -1.226000000000000006e-02 -1.448199999999999965e-03
3.980900000000000757e-03 -1.177220000000000003e-02 5.819590000000000353e-03
3.908160000000000800e-03 -1.330609999999999953e-02 3.405630000000000202e-03
3.931850000000000622e-03 -1.199399999999999945e-02 8.669700000000000670e-03
3.912630000000000274e-03 -1.462970000000000069e-02 7.585050000000000299e-03
3.986200000000000507e-03 -1.148339999999999951e-02 1.257059999999999948e-02
3.870490000000000302e-03 -1.383780000000000079e-02 1.083420000000000043e-02
3.990379999999999969e-03 -1.252789999999999980e-02 1.724830000000000113e-02
3.933610000000000578e-03 -1.387339999999999927e-02 1.442839999999999921e-02
3.910489999999999106e-03 -1.114659999999999956e-02 1.989770000000000080e-02
4.043790000000000232e-03 -1.413179999999999992e-02 1.975740000000000135e-02
4.009290000000000423e-03 -4.651340000000000335e-03 -2.365659999999999985e-02
3.975460000000000105e-03 -6.150929999999999766e-03 -1.979370000000000088e-02
3.979649999999999507e-03 -7.345070000000000418e-03 -2.239379999999999843e-02
3.990630000000000219e-03 -7.572299999999999691e-03 -1.652899999999999855e-02
3.933749999999999747e-03 -9.104030000000000802e-03 -1.907640000000000030e-02
4.048889999999999434e-03 -7.890219999999999873e-03 -1.365640000000000083e-02
3.766240000000000126e-03 -1.027480000000000060e-02 -1.572909999999999933e-02
3.969620000000000093e-03 -7.166149999999999604e-03 -1.082370000000000033e-02
3.782259999999999529e-03 -1.020459999999999944e-02 -1.270169999999999980e-02
3.963150000000000353e-03 -7.209740000000000072e-03 -7.793620000000000235e-03
3.850230000000000059e-03 -9.701599999999999460e-03 -9.577840000000000659e-03
3.984259999999999885e-03 -7.458760000000000043e-03 -2.054279999999999908e-03
3.844749999999999644e-03 -7.699260000000000305e-03 -4.894070000000000364e-03
3.945850000000000746e-03 -7.241440000000000030e-03 2.356220000000000016e-03
3.869610000000000324e-03 -8.990130000000000690e-03 5.558950000000000030e-05
3.889780000000000234e-03 -7.428389999999999993e-03 5.337559999999999874e-03
3.909670000000000506e-03 -9.822600000000000775e-03 3.684680000000000073e-03
3.900079999999999780e-03 -6.887090000000000226e-03 9.091899999999999982e-03
3.837709999999999819e-03 -9.349069999999999256e-03 7.509009999999999990e-03
3.975209999999999855e-03 -8.068739999999999593e-03 1.339090000000000072e-02
3.884500000000000366e-03 -9.296360000000000040e-03 1.069340000000000047e-02
3.941530000000000381e-03 -5.993909999999999863e-03 1.677309999999999912e-02
3.983330000000000204e-03 -1.026299999999999955e-02 1.531829999999999997e-02
3.972709999999999089e-03 -6.690780000000000338e-03 1.971229999999999857e-02
3.963229999999999878e-03 -9.096289999999999931e-03 1.797230000000000008e-02
4.028669999999999821e-03 -6.296829999999999788e-03 2.324959999999999874e-02
3.981580000000000188e-03 -8.805179999999999257e-03 2.168650000000000092e-02
4.060730000000000242e-03 -1.144940000000000107e-03 -2.427100000000000091e-02
3.970110000000000652e-03 -6.975249999999999463e-04 -1.901270000000000043e-02
3.983469999999999372e-03 -2.618969999999999979e-03 -2.157620000000000024e-02
3.956349999999999104e-03 -1.572169999999999904e-03 -1.445399999999999983e-02
3.990199999999999303e-03 -3.570600000000000163e-03 -1.810300000000000104e-02
3.925800000000000123e-03 -4.256610000000000081e-03 -1.248310000000000045e-02
3.969139999999999474e-03 -4.830880000000000070e-03 -1.540159999999999967e-02
3.900499999999999887e-03 -2.231009999999999851e-03 -7.892240000000000019e-03
3.856800000000000072e-03 -4.646759999999999780e-03 -9.497459999999999236e-03
3.892479999999999812e-03 -2.310669999999999911e-03 -4.207220000000000230e-03
3.893870000000000230e-03 -4.656150000000000393e-03 -6.242489999999999845e-03
3.865049999999999649e-03 -2.782479999999999936e-03 -1.290499999999999980e-03
3.864400000000000040e-03 -5.000499999999999737e-03 -3.299949999999999845e-03
3.850589999999999655e-03 -2.384110000000000049e-03 2.450059999999999998e-03
3.878449999999999866e-03 -4.803700000000000157e-03 7.819790000000000291e-04
3.904260000000000109e-03 -2.325750000000000126e-03 5.455070000000000231e-03
3.884029999999999688e-03 -4.856079999999999598e-03 4.063770000000000403e-03
3.880720000000000263e-03 -2.398190000000000131e-03 8.898939999999999281e-03
3.847170000000000017e-03 -4.810469999999999850e-03 7.098769999999999906e-03
3.925579999999999695e-03 -1.628550000000000093e-03 1.231690000000000042e-02
3.916789999999999855e-03 -4.536410000000000269e-03 1.095130000000000062e-02
3.951899999999999510e-03 -1.108370000000000015e-03 1.640700000000000144e-02
3.962439999999999365e-03 -3.686519999999999988e-03 1.474110000000000004e-02
4.011149999999999785e-03 -9.831709999999999148e-04 1.959320000000000159e-02
3.890629999999999523e-03 -3.431959999999999959e-03 1.818900000000000031e-02
3.955830000000000457e-03 -3.479830000000000163e-03 2.405550000000000049e-02
3.876109999999999885e-03 -4.080559999999999569e-03 2.106859999999999983e-02
3.932530000000000053e-03 2.000510000000000049e-03 -2.418949999999999920e-02
3.997979999999999937e-03 2.418469999999999821e-03 -1.796270000000000158e-02
3.993399999999999381e-03 3.368579999999999925e-04 -2.176689999999999875e-02
3.948169999999999111e-03 1.886599999999999996e-03 -1.385970000000000084e-02
3.403059999999999852e-03 3.454029999999999861e-04 -1.631989999999999830e-02
3.892560000000000204e-03 2.567450000000000201e-03 -1.094239999999999970e-02
3.940380000000000271e-03 -4.475279999999999883e-04 -1.182189999999999977e-02
3.945709999999999842e-03 2.681470000000000034e-03 -7.484260000000000392e-03
3.657870000000000132e-03 3.756690000000000246e-04 -9.063240000000000185e-03
3.883319999999999567e-03 2.554980000000000098e-03 -4.590989999999999654e-03
3.833290000000000048e-03 3.827629999999999807e-05 -5.947629999999999757e-03
3.861639999999999951e-03 2.479190000000000040e-03 -9.031679999999999830e-04
3.832129999999999998e-03 7.583630000000000438e-05 -2.541160000000000207e-03
3.850770000000000321e-03 2.405739999999999962e-03 2.052679999999999869e-03
3.777030000000000231e-03 -1.320360000000000077e-04 5.980859999999999519e-04
3.912650000000000156e-03 2.314319999999999919e-03 5.187759999999999594e-03
3.822630000000000038e-03 1.475859999999999961e-05 3.805320000000000057e-03
3.943429999999999505e-03 2.771290000000000038e-03 8.227570000000000022e-03
3.789460000000000137e-03 8.511159999999999331e-05 7.011230000000000240e-03
3.934729999999999131e-03 2.584700000000000105e-03 1.207210000000000054e-02
3.859029999999999839e-03 4.250419999999999871e-04 1.011470000000000077e-02
3.947729999999999989e-03 3.707400000000000018e-03 1.608880000000000032e-02
3.912570000000000631e-03 9.485259999999999915e-04 1.436330000000000072e-02
3.981749999999999179e-03 1.571310000000000024e-03 2.108600000000000058e-02
3.937929999999999209e-03 1.555600000000000082e-03 1.811669999999999947e-02
3.988139999999999394e-03 1.425700000000000014e-03 2.415329999999999908e-02
3.842730000000000364e-03 -1.110010000000000033e-03 2.235770000000000118e-02
3.953939999999999538e-03 5.458239999999999620e-03 -2.365280000000000160e-02
3.983979999999999813e-03 5.047440000000000260e-03 -1.911720000000000086e-02
3.984879999999999672e-03 3.354329999999999985e-03 -2.154570000000000096e-02
3.961980000000000363e-03 7.186889999999999598e-03 -1.459240000000000016e-02
3.832370000000000308e-03 4.548789999999999605e-03 -1.588180000000000147e-02
3.882539999999999863e-03 7.290869999999999643e-03 -1.085170000000000058e-02
3.911889999999999465e-03 4.722099999999999909e-03 -1.293170000000000083e-02
3.953369999999999454e-03 7.723950000000000260e-03 -7.254000000000000031e-03
3.916070000000000662e-03 5.127869999999999651e-03 -8.939519999999999411e-03
3.947539999999999383e-03 7.439170000000000157e-03 -3.946039999999999617e-03
3.888030000000000218e-03 5.215069999999999602e-03 -5.841090000000000171e-03
3.891530000000000249e-03 7.661959999999999778e-03 -1.015489999999999969e-03
3.859589999999999983e-03 4.837319999999999988e-03 -2.697619999999999966e-03
3.925510000000000110e-03 7.476000000000000006e-03 1.967410000000000166e-03
3.870680000000000041e-03 5.039949999999999639e-03 3.990880000000000252e-04
3.892949999999999623e-03 7.662760000000000231e-03 5.040819999999999676e-03
3.897080000000000249e-03 4.856820000000000408e-03 3.462729999999999801e-03
3.902599999999999559e-03 6.875009999999999975e-03 8.180510000000000212e-03
3.593999999999999539e-03 4.845979999999999732e-03 6.255639999999999812e-03
3.968619999999999093e-03 7.284429999999999725e-03 1.151609999999999960e-02
3.797969999999999905e-03 4.765410000000000305e-03 1.027010000000000076e-02
3.988339999999999941e-03 6.678049999999999611e-03 1.647169999999999884e-02
3.939599999999999699e-03 5.135259999999999998e-03 1.357019999999999928e-02
3.959139999999999882e-03 7.133340000000000167e-03 2.008160000000000153e-02
3.926469999999999613e-03 4.333749999999999929e-03 1.902200000000000071e-02
4.003470000000000292e-03 7.056159999999999689e-03 2.305650000000000061e-02
3.842040000000000125e-03 4.284620000000000269e-03 2.192540000000000114e-02
4.054729999999999446e-03 1.144170000000000083e-02 -2.143650000000000069e-02
3.849989999999999749e-03 9.973690000000000333e-03 -1.896770000000000053e-02
3.985910000000000494e-03 7.059919999999999911e-03 -2.112340000000000051e-02
3.957149999999999557e-03 9.989760000000000306e-03 -1.554280000000000071e-02
3.838919999999999572e-03 7.444639999999999765e-03 -1.753750000000000100e-02
3.883859999999999830e-03 9.855879999999999155e-03 -9.415690000000000864e-03
3.955139999999999351e-03 9.761640000000000247e-03 -1.256080000000000044e-02
